term 9, 100 tiras de 5000 pasos, kps_max 50
B C_mag
0.100000 1.000000 0.159353 0.025348 0.005460 -0.000709 -0.003580 -0.001511 -0.000536 -0.002374 0.001209 -0.002683 -0.002194 -0.001651 0.001472 -0.001937 -0.002388 -0.000481 0.002583 0.000292 0.002064 0.003306 -0.001542 0.000765 0.000479 0.002188 0.002144 -0.000720 -0.000128 -0.000419 0.001316 0.000341 0.001733 0.001943 0.004364 0.001546 0.000769 -0.000209 0.000702 0.000046 0.003642 0.002653 0.002814 0.000066 -0.000538 -0.000224 -0.000825 -0.001529 0.000070 0.000437 -0.000180
0.200000 1.000000 0.186156 0.033845 0.006836 0.000797 -0.000227 0.001163 -0.000334 -0.000417 0.001386 0.002089 -0.000075 0.002085 0.001726 -0.000579 -0.000511 -0.001615 0.001377 -0.000026 0.000327 0.001536 0.001656 -0.000735 -0.001058 -0.000637 0.001533 -0.000615 -0.001932 -0.001197 0.000084 0.001171 0.000049 -0.001273 0.001653 -0.000696 0.000410 -0.000817 0.000173 0.003396 -0.001325 -0.001192 -0.000393 0.002505 -0.001110 -0.002465 -0.000770 -0.000649 0.000174 -0.001792 -0.000142
0.300000 1.000000 0.212774 0.045610 0.007780 -0.000441 -0.001719 -0.002180 0.000460 0.000212 -0.000038 -0.001026 0.000207 -0.000396 -0.000967 -0.002828 -0.001959 -0.001033 -0.003226 0.000389 0.000057 -0.002228 -0.001839 -0.000232 0.001356 0.002569 0.001437 0.000446 0.000066 -0.000958 0.000120 0.000116 0.002160 0.000872 0.000801 0.000262 0.000670 0.000940 -0.001286 -0.001626 -0.002777 0.000830 0.001163 0.001614 -0.001875 -0.002002 -0.001728 -0.001558 -0.003698 -0.004248 -0.001997
0.400000 1.000000 0.235020 0.054445 0.013101 0.002170 -0.000409 0.001084 -0.000915 -0.001778 -0.001981 -0.000461 -0.000372 -0.002063 -0.000427 0.001952 0.000586 -0.000562 -0.001772 -0.000360 0.000986 0.001437 0.001160 -0.001009 -0.002396 -0.003724 -0.001927 -0.001721 -0.003252 -0.003769 -0.003559 -0.002939 -0.000807 -0.004909 -0.004075 -0.003028 -0.004981 -0.003248 -0.001475 -0.003967 -0.004076 -0.003893 -0.003835 -0.002962 -0.003887 -0.005409 -0.006451 -0.006628 -0.004187 -0.003278 -0.002301
0.500000 1.000000 0.254289 0.063561 0.016493 0.003909 0.001200 -0.000916 0.001061 -0.000403 -0.003181 -0.001718 -0.003051 -0.004810 -0.003161 -0.001557 0.001339 0.000425 -0.000295 0.000060 -0.002586 -0.004462 -0.000756 0.000052 -0.000197 0.002365 0.002803 0.002020 -0.000003 0.001786 0.004422 0.004011 0.003654 0.002564 0.000779 0.000149 0.002013 0.001375 0.003450 0.004156 0.003177 0.000626 0.000646 0.000864 0.001014 0.000360 0.000276 0.003374 0.001172 -0.003735 -0.001898
0.600000 1.000000 0.275793 0.076206 0.023659 0.009197 0.005816 0.005801 0.004444 0.003001 0.002264 0.001414 0.000951 0.002391 0.000788 0.002627 0.000242 0.001118 0.001652 0.004114 0.004535 0.006712 0.004907 0.002060 0.003148 0.001939 0.000584 0.000923 0.002239 0.003340 0.002462 0.001951 0.002105 0.003516 0.003629 0.004547 0.002070 0.000271 0.000835 0.001904 0.003815 0.006829 0.006813 0.008033 0.008361 0.006672 0.009280 0.007576 0.005608 0.006804 0.005338
0.700000 1.000000 0.288098 0.084642 0.026011 0.011762 0.007308 0.004771 0.002843 0.004133 0.002177 0.001779 0.001494 -0.000240 0.000467 -0.000775 -0.000486 0.001651 -0.000284 -0.004099 -0.003136 -0.003309 -0.001942 -0.003440 -0.001866 -0.001473 0.000132 -0.001734 -0.002970 -0.004756 -0.005305 -0.001622 -0.000968 -0.000922 -0.002664 -0.000816 -0.003440 -0.002400 -0.001469 -0.000886 -0.001538 -0.001543 -0.000839 0.000488 -0.000653 -0.002230 -0.003925 -0.003084 -0.002506 0.000651 0.000318
0.800000 1.000000 0.299823 0.089463 0.025849 0.007139 0.003431 0.002946 0.002632 0.004125 0.002158 0.003656 0.003420 -0.000656 -0.003071 -0.003265 -0.001221 -0.000952 -0.003108 -0.003254 -0.000748 -0.000982 -0.002980 -0.001763 -0.001330 -0.002367 -0.001769 0.001494 -0.000278 0.001594 0.000537 0.000310 -0.000911 -0.003411 -0.003131 -0.002279 -0.001035 -0.003718 -0.004959 -0.001308 -0.003152 -0.003827 -0.003365 -0.003882 -0.004753 -0.004543 -0.002581 -0.000783 0.000070 -0.002408 -0.003514
0.900000 1.000000 0.310765 0.096607 0.029927 0.008624 0.004481 0.003421 0.004320 0.004986 0.004898 0.002830 0.002177 0.001130 -0.000224 0.000487 0.001454 0.003699 0.002422 0.000029 -0.001388 -0.000572 0.002193 0.002456 0.004617 0.003147 0.003893 0.001477 0.001467 0.001196 -0.000205 0.000982 0.002062 0.001381 -0.002054 0.000075 0.001994 0.002033 0.003275 0.004517 0.006047 0.008359 0.007059 0.009487 0.009906 0.006446 0.007124 0.006258 0.006649 0.005963 0.008683
1.000000 1.000000 0.322066 0.107527 0.036976 0.015484 0.007042 0.002093 0.002347 0.003628 0.003874 0.002838 -0.000670 -0.003062 -0.001756 0.002235 -0.000662 -0.001579 -0.001477 -0.002713 -0.005654 -0.006132 -0.008120 -0.009379 -0.010765 -0.010671 -0.012259 -0.011776 -0.009983 -0.011589 -0.011361 -0.013581 -0.013291 -0.012726 -0.014852 -0.014081 -0.012968 -0.012680 -0.013667 -0.009920 -0.008063 -0.008182 -0.008647 -0.010554 -0.012035 -0.012307 -0.014443 -0.014105 -0.012313 -0.011831 -0.012203
1.100000 1.000000 0.325501 0.103420 0.033953 0.006873 -0.003373 -0.006254 -0.006447 -0.006453 -0.006957 -0.005836 -0.006399 -0.006850 -0.006329 -0.005239 -0.002309 0.001207 0.002256 -0.000403 -0.002217 -0.000406 -0.000507 -0.003261 -0.004717 -0.002910 -0.000914 -0.005075 -0.003397 -0.000459 -0.001445 -0.000779 -0.000539 -0.000715 -0.001332 -0.002557 -0.001950 -0.001440 0.000732 0.004605 0.000834 -0.001653 -0.001998 -0.001108 -0.002327 -0.004188 -0.005410 -0.004766 -0.003567 -0.000491 -0.000362
1.200000 1.000000 0.332511 0.112525 0.038183 0.011257 0.003407 0.002288 0.002771 0.000650 0.000111 0.001275 0.002546 0.007368 0.006812 0.004554 0.004114 0.004796 0.003624 0.004079 0.007604 0.010208 0.011022 0.012151 0.012954 0.015033 0.017863 0.019083 0.017865 0.014373 0.015865 0.016435 0.015475 0.017685 0.018511 0.020290 0.019952 0.023288 0.026143 0.024964 0.024233 0.022855 0.025202 0.027003 0.027852 0.027361 0.026649 0.028327 0.027894 0.028057 0.029566
1.300000 1.000000 0.339461 0.116632 0.043166 0.018593 0.009623 0.006852 0.008341 0.010119 0.010957 0.011561 0.011078 0.012539 0.011768 0.011418 0.010743 0.009923 0.011811 0.011488 0.008713 0.009286 0.008677 0.008746 0.007665 0.008792 0.010306 0.010094 0.009861 0.006899 0.011211 0.012586 0.011171 0.009798 0.006615 0.007816 0.007953 0.011040 0.010248 0.006411 0.009933 0.012077 0.011588 0.010418 0.013706 0.011534 0.010155 0.011881 0.011027 0.010236 0.011761
1.400000 1.000000 0.340820 0.117738 0.039805 0.010884 0.001132 -0.003508 -0.004389 -0.007511 -0.005828 -0.006305 -0.002975 -0.005329 -0.010026 -0.016520 -0.019481 -0.020232 -0.022863 -0.017858 -0.016188 -0.011992 -0.012727 -0.014869 -0.010505 -0.006611 -0.008295 -0.006242 -0.005681 -0.009215 -0.010915 -0.009052 -0.007365 -0.004009 -0.002266 -0.002200 -0.006103 -0.007974 -0.006743 -0.003345 -0.001307 -0.000069 -0.003468 -0.004006 -0.003399 -0.005394 -0.004307 -0.007018 -0.004385 -0.005020 -0.004741
1.500000 1.000000 0.328804 0.116122 0.039366 0.008522 -0.001833 -0.006161 -0.007090 -0.005808 -0.002725 -0.002844 -0.002510 -0.001827 -0.001158 0.000719 0.001733 0.004487 0.002230 0.003363 0.000854 0.002242 0.007885 0.008272 0.010518 0.010137 0.008707 0.010778 0.009858 0.010863 0.009331 0.007353 0.006064 0.005435 0.010801 0.011184 0.010129 0.010253 0.010840 0.010872 0.012553 0.013559 0.015705 0.016962 0.014625 0.015598 0.014308 0.010182 0.005394 0.004631 0.005704
1.600000 1.000000 0.345080 0.127989 0.048408 0.021268 0.008317 0.007326 0.005453 0.004065 0.004190 -0.000292 -0.004095 -0.006805 -0.007084 -0.004797 -0.005228 -0.004848 -0.004985 -0.006775 -0.008783 -0.015259 -0.019374 -0.017367 -0.015035 -0.011162 -0.012409 -0.012586 -0.014807 -0.013814 -0.009919 -0.006506 -0.008408 -0.006159 -0.004499 -0.002586 -0.004157 -0.003065 0.000471 0.005325 0.006124 0.011368 0.016682 0.020198 0.016081 0.013634 0.010137 0.013870 0.012524 0.013686 0.013151
1.700000 1.000000 0.362616 0.131612 0.048963 0.017792 0.008670 0.007477 0.005018 0.004867 0.001046 0.002832 0.006611 0.013853 0.015837 0.013737 0.007286 0.012056 0.012204 0.010532 0.005561 0.005420 0.004812 0.005591 0.005203 0.007559 0.007839 0.003166 0.006504 0.004848 0.004665 0.004525 0.010204 0.014787 0.021721 0.020062 0.020724 0.024926 0.027601 0.024003 0.021917 0.023870 0.023259 0.016897 0.009102 0.005816 0.011489 0.013052 0.014557 0.017745 0.014147
1.800000 1.000000 0.359793 0.139522 0.055033 0.030203 0.021300 0.014907 0.015005 0.013545 0.015166 0.018249 0.014423 0.016880 0.016947 0.012804 0.012203 0.011756 0.006124 0.005466 0.003557 0.002084 0.003198 0.001909 0.002608 0.007956 0.007651 0.004857 0.001598 0.003162 0.001743 -0.001120 -0.003116 -0.005741 -0.008348 -0.007367 -0.011416 -0.015316 -0.011022 -0.008242 -0.008475 -0.009880 -0.007565 -0.005367 -0.006020 -0.007209 -0.003283 -0.002889 -0.000289 0.004576 0.002644
1.900000 1.000000 0.345728 0.143286 0.069616 0.040919 0.029252 0.024010 0.025050 0.027912 0.029212 0.022237 0.019583 0.019727 0.017706 0.020367 0.022340 0.024624 0.023171 0.022077 0.021340 0.022450 0.025530 0.027478 0.027471 0.026380 0.026942 0.025556 0.029192 0.030720 0.034414 0.035937 0.032533 0.031597 0.036207 0.033890 0.035780 0.032586 0.031107 0.034435 0.035997 0.037812 0.041054 0.043202 0.040927 0.036315 0.036446 0.035106 0.027192 0.026789 0.026386