0.450000
0.500000
0.550000
0 6.190067
300 6.216886
600 6.217391
900 6.213139
1200 6.208326
1500 6.204628
1800 6.201583
2100 6.198783
2400 6.196742
2700 6.194784
3000 6.192730
3300 6.190869
3600 6.189517
3900 6.187929
4200 6.186625
4500 6.185130
4800 6.183641
5100 6.182245
5400 6.180882
5700 6.179490
6000 6.178535
6300 6.176815
6600 6.175840
6900 6.174400
7200 6.173100
7500 6.171796
7800 6.170850
8100 6.169687
8400 6.168319
8700 6.166815
9000 6.165355
9300 6.164135
9600 6.162856
9900 6.161428
10200 6.160180
10500 6.158989
10800 6.157437
11100 6.156281
11400 6.155118
11700 6.154039
12000 6.152671
12300 6.151356
12600 6.149856
12900 6.148512
13200 6.147341
13500 6.146005
13800 6.145259
14100 6.143667
14400 6.142343
14700 6.140819
15000 6.139860
15300 6.138689
15600 6.137494
15900 6.135977
16200 6.134991
16500 6.133526
16800 6.132071
17100 6.130490
17400 6.129259
17700 6.128083
18000 6.126679
18300 6.125817
18600 6.124297
18900 6.123230
19200 6.121842
19500 6.120390
19800 6.119066
20100 6.118011
20400 6.116560
20700 6.115617
21000 6.113912
21300 6.112625
21600 6.111233
21900 6.110202
22200 6.108545
22500 6.107671
22800 6.106078
23100 6.104799
23400 6.103652
23700 6.102793
24000 6.100880
24300 6.100054
24600 6.098895
24900 6.097751
25200 6.096524
25500 6.095313
25800 6.094173
26100 6.092613
26400 6.091173
26700 6.090134
27000 6.088710
27300 6.087142
27600 6.086171
27900 6.084892
28200 6.083576
28500 6.082253
28800 6.080916
29100 6.079456
29400 6.078301
29700 6.076773
