0.430000
0.440000
0 0.249901
300 0.249901
600 0.249901
900 0.249901
1200 0.249901
1500 0.249901
1800 0.249901
2100 0.249901
2400 0.249902
2700 0.249902
3000 0.249902
3300 0.249902
3600 0.249902
3900 0.249902
4200 0.249902
4500 0.249902
4800 0.249902
5100 0.249902
5400 0.249902
5700 0.249902
6000 0.249902
6300 0.249903
6600 0.249903
6900 0.249903
7200 0.249903
7500 0.249903
7800 0.249903
8100 0.249903
8400 0.249903
8700 0.249903
9000 0.249903
9300 0.249903
9600 0.249903
9900 0.249903
10200 0.249903
10500 0.249904
10800 0.249904
11100 0.249904
11400 0.249904
11700 0.249904
12000 0.249904
12300 0.249904
12600 0.249904
12900 0.249904
13200 0.249904
13500 0.249904
13800 0.249904
14100 0.249904
14400 0.249905
14700 0.249905
15000 0.249905
15300 0.249905
15600 0.249905
15900 0.249905
16200 0.249905
16500 0.249905
16800 0.249905
17100 0.249905
17400 0.249905
17700 0.249905
18000 0.249905
18300 0.249906
18600 0.249906
18900 0.249906
19200 0.249906
19500 0.249906
19800 0.249906
20100 0.249906
20400 0.249906
20700 0.249906
21000 0.249906
21300 0.249906
21600 0.249906
21900 0.249906
22200 0.249906
22500 0.249907
22800 0.249907
23100 0.249907
23400 0.249907
23700 0.249907
24000 0.249907
24300 0.249907
24600 0.249907
24900 0.249907
25200 0.249907
25500 0.249907
25800 0.249907
26100 0.249907
26400 0.249908
26700 0.249908
27000 0.249908
27300 0.249908
27600 0.249908
27900 0.249908
28200 0.249908
28500 0.249908
28800 0.249908
29100 0.249908
29400 0.249908
29700 0.249908
