0.450000
0.475000
0.500000
0.525000
0.550000
0.575000
0.600000
0.625000
0 10.555969
300 10.838662
600 11.843720
900 12.498775
1200 12.889131
1500 13.112226
1800 13.247985
2100 13.307869
2400 13.350693
2700 13.371271
3000 13.388079
3300 13.389032
3600 13.386756
3900 13.386974
4200 13.389953
4500 13.391930
4800 13.394850
5100 13.391768
5400 13.379709
5700 13.374455
6000 13.368868
6300 13.373191
6600 13.360120
6900 13.362154
7200 13.362408
7500 13.357878
7800 13.354486
8100 13.346658
8400 13.345221
8700 13.340495
9000 13.337759
9300 13.338966
9600 13.329057
9900 13.329091
10200 13.324183
10500 13.326159
10800 13.319698
11100 13.311134
11400 13.306065
11700 13.296695
12000 13.298660
12300 13.292821
12600 13.290545
12900 13.288602
13200 13.292603
13500 13.292360
13800 13.287406
14100 13.277496
14400 13.269081
14700 13.264712
15000 13.257125
15300 13.257262
15600 13.250698
15900 13.248847
16200 13.253124
16500 13.247801
16800 13.247250
17100 13.240777
17400 13.226533
17700 13.220015
18000 13.221751
18300 13.214808
18600 13.210151
18900 13.204472
19200 13.208806
19500 13.201517
19800 13.194068
20100 13.192551
20400 13.179030
20700 13.189872
21000 13.179847
21300 13.170064
21600 13.165293
21900 13.156716
22200 13.159452
22500 13.146129
22800 13.149152
23100 13.153245
23400 13.150405
23700 13.140909
24000 13.138357
24300 13.139679
24600 13.138414
24900 13.137150
25200 13.128757
25500 13.126688
25800 13.112145
26100 13.117021
26400 13.110019
26700 13.118768
27000 13.114353
27300 13.102259
27600 13.092752
27900 13.080026
28200 13.074909
28500 13.071943
28800 13.069932
29100 13.069714
29400 13.064873
29700 13.065759
