term 8, 30000 pasos de N*N
temp	mag	en
4.500000	0.219107	-0.219107
4.490000	0.218974	-0.218974
4.480000	0.219260	-0.219260
4.469999	0.220166	-0.220166
4.459999	0.220286	-0.220286
4.449999	0.220819	-0.220819
4.439999	0.221592	-0.221592
4.429998	0.221917	-0.221917
4.419998	0.222372	-0.222372
4.409998	0.223479	-0.223479
4.399998	0.223518	-0.223518
4.389997	0.224265	-0.224265
4.379997	0.224450	-0.224450
4.369997	0.225384	-0.225384
4.359997	0.225148	-0.225148
4.349997	0.226111	-0.226111
4.339996	0.226152	-0.226152
4.329996	0.227185	-0.227185
4.319996	0.227116	-0.227116
4.309996	0.227615	-0.227615
4.299995	0.228317	-0.228317
4.289995	0.228595	-0.228595
4.279995	0.229986	-0.229986
4.269995	0.230216	-0.230216
4.259995	0.230470	-0.230470
4.249994	0.231221	-0.231221
4.239994	0.231336	-0.231336
4.229994	0.232188	-0.232188
4.219994	0.232792	-0.232792
4.209993	0.233289	-0.233289
4.199993	0.233990	-0.233990
4.189993	0.234252	-0.234252
4.179993	0.234793	-0.234793
4.169992	0.235405	-0.235405
4.159992	0.235685	-0.235685
4.149992	0.236599	-0.236599
4.139992	0.237061	-0.237061
4.129992	0.237372	-0.237372
4.119991	0.238005	-0.238005
4.109991	0.238374	-0.238374
4.099991	0.239096	-0.239096
4.089991	0.239926	-0.239926
4.079990	0.240519	-0.240519
4.069990	0.241057	-0.241057
4.059990	0.241530	-0.241530
4.049990	0.241986	-0.241986
4.039989	0.242555	-0.242555
4.029989	0.243161	-0.243161
4.019989	0.243550	-0.243550
4.009989	0.244167	-0.244167
3.999989	0.245065	-0.245065
3.989989	0.245357	-0.245357
3.979989	0.246291	-0.246291
3.969989	0.246642	-0.246642
3.959989	0.247186	-0.247186
3.949989	0.247625	-0.247625
3.939989	0.248911	-0.248911
3.929989	0.249057	-0.249057
3.919989	0.249742	-0.249742
3.909989	0.250261	-0.250261
3.899989	0.250876	-0.250876
3.889989	0.251602	-0.251602
3.879989	0.252155	-0.252155
3.869989	0.252598	-0.252598
3.859989	0.252866	-0.252866
3.849989	0.253865	-0.253865
3.839989	0.254718	-0.254718
3.829989	0.255466	-0.255466
3.819989	0.256002	-0.256002
3.809989	0.256795	-0.256795
3.799989	0.257388	-0.257388
3.789989	0.257859	-0.257859
3.779989	0.258532	-0.258532
3.769989	0.259186	-0.259186
3.759989	0.260040	-0.260040
3.749989	0.260254	-0.260254
3.739989	0.260990	-0.260990
3.729989	0.261656	-0.261656
3.719989	0.262955	-0.262955
3.709989	0.263489	-0.263489
3.699989	0.263989	-0.263989
3.689989	0.264876	-0.264876
3.679989	0.265249	-0.265249
3.669989	0.265392	-0.265392
3.659989	0.266302	-0.266302
3.649989	0.267119	-0.267119
3.639989	0.268058	-0.268058
3.629989	0.268678	-0.268678
3.619989	0.269154	-0.269154
3.609989	0.270211	-0.270211
3.599989	0.270686	-0.270686
3.589989	0.271353	-0.271353
3.579989	0.272295	-0.272295
3.569989	0.273347	-0.273347
3.559989	0.273594	-0.273594
3.549989	0.274486	-0.274486
3.539989	0.275322	-0.275322
3.529989	0.276262	-0.276262
3.519989	0.277122	-0.277122
3.509989	0.277558	-0.277558
3.499989	0.278081	-0.278081
3.489989	0.279058	-0.279058
3.479989	0.279376	-0.279376
3.469989	0.280531	-0.280531
3.459989	0.281358	-0.281358
3.449989	0.281873	-0.281873
3.439989	0.282597	-0.282597
3.429989	0.283629	-0.283629
3.419989	0.284542	-0.284542
3.409989	0.284981	-0.284981
3.399989	0.285328	-0.285328
3.389989	0.286349	-0.286349
3.379989	0.287423	-0.287423
3.369989	0.288839	-0.288839
3.359989	0.289073	-0.289073
3.349989	0.289547	-0.289547
3.339989	0.290972	-0.290972
3.329989	0.291329	-0.291329
3.319989	0.292412	-0.292412
3.309989	0.293353	-0.293353
3.299989	0.294359	-0.294359
3.289989	0.294534	-0.294534
3.279989	0.296054	-0.296054
3.269989	0.296708	-0.296708
3.259990	0.297363	-0.297363
3.249990	0.298515	-0.298515
3.239990	0.299597	-0.299597
3.229990	0.300389	-0.300389
3.219990	0.300910	-0.300910
3.209990	0.302215	-0.302215
3.199990	0.302641	-0.302641
3.189990	0.303500	-0.303500
3.179990	0.304454	-0.304454
3.169990	0.305685	-0.305685
3.159990	0.306188	-0.306188
3.149990	0.307227	-0.307227
3.139990	0.308073	-0.308073
3.129990	0.309001	-0.309001
3.119990	0.310319	-0.310319
3.109990	0.310703	-0.310703
3.099990	0.311945	-0.311945
3.089990	0.312386	-0.312386
3.079990	0.314038	-0.314038
3.069990	0.314429	-0.314429
3.059990	0.315522	-0.315522
3.049990	0.316330	-0.316330
3.039990	0.317541	-0.317541
3.029990	0.318383	-0.318383
3.019990	0.319993	-0.319993
3.009990	0.320808	-0.320808
2.999990	0.321820	-0.321820
2.989990	0.322696	-0.322696
2.979990	0.323385	-0.323385
2.969990	0.324582	-0.324582
2.959990	0.325618	-0.325618
2.949990	0.326507	-0.326507
2.939990	0.327840	-0.327840
2.929990	0.328830	-0.328830
2.919990	0.329561	-0.329561
2.909990	0.330746	-0.330746
2.899990	0.331916	-0.331916
2.889990	0.333007	-0.333007
2.879990	0.333743	-0.333743
2.869990	0.335426	-0.335426
2.859990	0.335707	-0.335707
2.849990	0.337104	-0.337104
2.839990	0.338613	-0.338613
2.829990	0.339176	-0.339176
2.819990	0.340621	-0.340621
2.809990	0.341385	-0.341385
2.799990	0.342577	-0.342577
2.789990	0.343982	-0.343982
2.779990	0.345047	-0.345047
2.769990	0.345958	-0.345958
2.759990	0.347522	-0.347522
2.749990	0.348412	-0.348412
2.739990	0.349461	-0.349461
2.729990	0.351092	-0.351092
2.719990	0.352041	-0.352041
2.709990	0.352927	-0.352927
2.699990	0.354503	-0.354503
2.689990	0.355606	-0.355606
2.679990	0.356547	-0.356547
2.669990	0.357708	-0.357708
2.659990	0.359125	-0.359125
2.649990	0.360343	-0.360343
2.639990	0.362009	-0.362009
2.629990	0.362753	-0.362753
2.619990	0.364458	-0.364458
2.609990	0.365488	-0.365488
2.599990	0.366341	-0.366341
2.589990	0.368141	-0.368141
2.579990	0.368704	-0.368704
2.569990	0.370375	-0.370375
2.559990	0.372076	-0.372076
2.549990	0.372955	-0.372955
2.539990	0.374276	-0.374276
2.529990	0.376022	-0.376022
2.519990	0.376811	-0.376811
2.509990	0.378468	-0.378468
2.499990	0.379458	-0.379458
2.489990	0.381376	-0.381376
2.479990	0.382967	-0.382967
2.469990	0.383752	-0.383752
2.459990	0.385766	-0.385766
2.449990	0.387002	-0.387002
2.439990	0.388462	-0.388462
2.429990	0.389855	-0.389855
2.419990	0.391454	-0.391454
2.409990	0.392689	-0.392689
2.399990	0.393996	-0.393996
2.389990	0.395817	-0.395817
2.379990	0.397160	-0.397160
2.369990	0.398324	-0.398324
2.359990	0.400468	-0.400468
2.349990	0.401096	-0.401096
2.339990	0.403338	-0.403338
2.329990	0.404533	-0.404533
2.319990	0.406233	-0.406233
2.309990	0.408022	-0.408022
2.299990	0.409226	-0.409226
2.289990	0.410554	-0.410554
2.279990	0.412500	-0.412500
2.269990	0.414493	-0.414493
2.259990	0.415638	-0.415638
2.249990	0.417552	-0.417552
2.239990	0.419114	-0.419114
2.229990	0.420673	-0.420673
2.219990	0.422158	-0.422158
2.209991	0.423731	-0.423731
2.199991	0.425690	-0.425690
2.189991	0.427292	-0.427292
2.179991	0.429305	-0.429305
2.169991	0.430711	-0.430711
2.159991	0.432355	-0.432355
2.149991	0.434386	-0.434386
2.139991	0.435981	-0.435981
2.129991	0.437720	-0.437720
2.119991	0.439280	-0.439280
2.109991	0.441415	-0.441415
2.099991	0.443060	-0.443060
2.089991	0.445119	-0.445119
2.079991	0.446977	-0.446977
2.069991	0.448472	-0.448472
2.059991	0.450581	-0.450581
2.049991	0.452499	-0.452499
2.039991	0.454406	-0.454406
2.029991	0.456270	-0.456270
2.019991	0.458127	-0.458127
2.009991	0.460325	-0.460325
1.999991	0.462142	-0.462142
1.989991	0.463806	-0.463806
1.979991	0.466068	-0.466068
1.969991	0.468036	-0.468036
1.959991	0.470225	-0.470225
1.949991	0.472027	-0.472027
1.939991	0.474043	-0.474043
1.929991	0.475920	-0.475920
1.919991	0.478116	-0.478116
1.909991	0.480513	-0.480513
1.899991	0.482491	-0.482491
1.889991	0.484656	-0.484656
1.879991	0.487109	-0.487109
1.869991	0.489130	-0.489130
1.859991	0.491315	-0.491315
1.849991	0.493669	-0.493669
1.839991	0.495560	-0.495560
1.829991	0.497971	-0.497971
1.819991	0.500183	-0.500183
1.809991	0.502448	-0.502448
1.799991	0.504725	-0.504725
1.789991	0.507077	-0.507077
1.779991	0.508963	-0.508963
1.769991	0.511533	-0.511533
1.759991	0.514165	-0.514165
1.749991	0.516147	-0.516147
1.739991	0.518676	-0.518676
1.729991	0.521341	-0.521341
1.719991	0.523366	-0.523366
1.709991	0.526330	-0.526330
1.699991	0.528372	-0.528372
1.689991	0.531032	-0.531032
1.679991	0.533854	-0.533854
1.669991	0.536239	-0.536239
1.659991	0.538981	-0.538981
1.649991	0.541659	-0.541659
1.639991	0.543991	-0.543991
1.629991	0.546459	-0.546459
1.619991	0.548960	-0.548960
1.609991	0.551768	-0.551768
1.599991	0.554540	-0.554540
1.589991	0.557401	-0.557401
1.579991	0.559814	-0.559814
1.569991	0.562975	-0.562975
1.559991	0.565627	-0.565627
1.549991	0.568251	-0.568251
1.539991	0.570930	-0.570930
1.529991	0.574141	-0.574141
1.519991	0.576734	-0.576734
1.509991	0.579973	-0.579973
1.499991	0.582836	-0.582836
1.489991	0.585962	-0.585962
1.479991	0.588766	-0.588766
1.469991	0.591635	-0.591635
1.459991	0.594698	-0.594698
1.449991	0.597911	-0.597911
1.439991	0.600912	-0.600912
1.429991	0.603923	-0.603923
1.419991	0.606902	-0.606902
1.409991	0.610582	-0.610582
1.399991	0.613362	-0.613362
1.389991	0.616615	-0.616615
1.379991	0.619588	-0.619588
1.369991	0.623047	-0.623047
1.359991	0.626653	-0.626653
1.349991	0.629729	-0.629729
1.339991	0.632939	-0.632939
1.329991	0.636046	-0.636046
1.319991	0.639508	-0.639508
1.309991	0.643094	-0.643094
1.299991	0.646644	-0.646644
1.289991	0.649819	-0.649819
1.279991	0.653534	-0.653534
1.269991	0.656886	-0.656886
1.259991	0.660449	-0.660449
1.249991	0.664286	-0.664286
1.239991	0.667715	-0.667715
1.229991	0.671398	-0.671398
1.219991	0.674736	-0.674736
1.209991	0.678593	-0.678593
1.199991	0.682294	-0.682294
1.189991	0.685720	-0.685720
1.179991	0.689715	-0.689715
1.169991	0.693392	-0.693392
1.159992	0.697246	-0.697246
1.149992	0.701261	-0.701261
1.139992	0.705365	-0.705365
1.129992	0.708524	-0.708524
1.119992	0.712632	-0.712632
1.109992	0.716640	-0.716640
1.099992	0.720738	-0.720738
1.089992	0.724702	-0.724702
1.079992	0.729001	-0.729001
1.069992	0.732861	-0.732861
1.059992	0.736912	-0.736912
1.049992	0.740912	-0.740912
1.039992	0.744810	-0.744810
1.029992	0.748982	-0.748982
1.019992	0.753343	-0.753343
1.009992	0.757439	-0.757439
0.999992	0.761520	-0.761520
0.989992	0.765531	-0.765531
0.979992	0.770059	-0.770059
0.969992	0.774443	-0.774443
0.959992	0.778554	-0.778554
0.949992	0.782887	-0.782887
0.939992	0.787281	-0.787281
0.929992	0.791315	-0.791315
0.919992	0.795811	-0.795811
0.909992	0.800128	-0.800128
0.899992	0.804708	-0.804708
0.889992	0.808735	-0.808735
0.879992	0.813363	-0.813363
0.869992	0.817664	-0.817664
0.859992	0.821733	-0.821733
0.849992	0.826151	-0.826151
0.839992	0.830670	-0.830670
0.829992	0.834918	-0.834918
0.819992	0.839529	-0.839529
0.809992	0.844010	-0.844010
0.799992	0.848293	-0.848293
0.789992	0.852725	-0.852725
0.779992	0.857183	-0.857183
0.769992	0.861478	-0.861478
0.759992	0.865785	-0.865785
0.749992	0.870179	-0.870179
0.739992	0.874193	-0.874193
0.729992	0.878623	-0.878623
0.719992	0.883071	-0.883071
0.709992	0.887047	-0.887047
0.699992	0.891427	-0.891427
0.689992	0.895696	-0.895696
0.679992	0.899813	-0.899813
0.669992	0.903801	-0.903801
0.659992	0.907784	-0.907784
0.649992	0.911823	-0.911823
0.639992	0.915903	-0.915903
0.629992	0.919648	-0.919648
0.619992	0.923538	-0.923538
0.609992	0.927354	-0.927354
0.599992	0.931323	-0.931323
0.589992	0.934724	-0.934724
0.579992	0.938365	-0.938365
0.569992	0.941869	-0.941869
0.559992	0.945219	-0.945219
0.549992	0.948596	-0.948596
0.539992	0.951941	-0.951941
0.529992	0.955082	-0.955082
0.519992	0.958015	-0.958015
0.509992	0.961076	-0.961076
0.499992	0.964027	-0.964027
0.489992	0.966782	-0.966782
0.479992	0.969389	-0.969389
0.469992	0.972030	-0.972030
0.459992	0.974451	-0.974451
0.449992	0.976720	-0.976720
0.439992	0.978936	-0.978936
0.429992	0.981199	-0.981199
0.419992	0.983088	-0.983088
0.409992	0.984934	-0.984934
0.399992	0.986567	-0.986567
0.389992	0.988233	-0.988233
0.379992	0.989665	-0.989665
0.369992	0.991054	-0.991054
0.359992	0.992370	-0.992370
0.349992	0.993411	-0.993411
0.339992	0.994423	-0.994423
0.329992	0.995356	-0.995356
0.319992	0.996171	-0.996171
0.309992	0.996811	-0.996811
0.299992	0.997454	-0.997454
0.289992	0.998005	-0.998005
0.279992	0.998399	-0.998399
0.269992	0.998768	-0.998768
0.259992	0.999084	-0.999084
0.249992	0.999334	-0.999334
0.239992	0.999529	-0.999529
0.229992	0.999664	-0.999664
0.219992	0.999755	-0.999755
0.209992	0.999860	-0.999860
0.199992	0.999907	-0.999907
0.189992	0.999946	-0.999946
0.179992	0.999973	-0.999973
0.169992	0.999987	-0.999987
0.159992	0.999992	-0.999992
0.149992	0.999997	-0.999997
0.139992	0.999999	-0.999999
0.129992	1.000000	-1.000000
0.119992	1.000000	-1.000000
0.109992	1.000000	-1.000000