term 586, 20000 pasos de N*N
temp	mag	var_m	en	var_e
4.000000	0.051245	1568.149536	-0.556838	2770.366455
3.990000	0.051928	1615.298584	-0.559538	2782.339844
3.980000	0.052064	1624.180542	-0.560230	2791.361816
3.970000	0.051796	1603.043579	-0.561827	2775.235596
3.960000	0.051811	1611.711182	-0.563690	2820.398682
3.950000	0.052512	1652.001343	-0.566314	2811.361816
3.940000	0.052368	1649.667725	-0.567664	2770.140869
3.930000	0.053008	1651.805786	-0.570059	2831.972412
3.920000	0.052997	1670.276855	-0.572146	2895.448730
3.910000	0.052779	1692.580933	-0.573285	2858.148682
3.900000	0.053083	1688.796265	-0.575120	2861.949951
3.890000	0.053361	1705.778931	-0.576809	2927.991455
3.880000	0.053624	1701.912476	-0.578712	2868.506104
3.870000	0.053165	1719.653320	-0.580392	2873.186279
3.860000	0.053711	1734.704590	-0.583038	2863.925781
3.850000	0.054277	1765.174316	-0.584150	2876.433350
3.840000	0.054303	1759.666870	-0.586479	2845.765625
3.830000	0.054485	1774.079834	-0.588696	2879.221436
3.820000	0.054581	1742.393921	-0.590077	2898.978027
3.810000	0.054608	1769.870483	-0.591163	2918.522949
3.800000	0.055308	1808.190918	-0.593891	2903.756592
3.790000	0.055498	1836.177002	-0.596215	2929.144287
3.780000	0.055180	1820.737671	-0.597068	2988.004395
3.770000	0.055842	1845.393066	-0.599664	2919.129150
3.760000	0.055531	1827.644531	-0.602453	2941.499023
3.750000	0.056162	1881.782715	-0.603871	2964.399902
3.740000	0.056056	1864.851807	-0.605624	2973.600098
3.730000	0.056489	1929.043945	-0.607921	2938.027832
3.720000	0.056474	1892.953003	-0.610418	2994.032227
3.710000	0.056849	1889.018188	-0.612350	2917.411865
3.700000	0.057021	1919.708008	-0.613763	2993.305664
3.690000	0.056873	1912.770264	-0.616270	2959.653076
3.680000	0.057429	1955.466797	-0.617873	2970.213623
3.670000	0.057622	1958.352783	-0.621610	2961.544678
3.660000	0.057652	1985.473511	-0.622826	3028.873047
3.650000	0.058171	2046.106812	-0.625458	3047.357666
3.640000	0.058443	2029.337646	-0.627729	3047.098877
3.630000	0.058557	2022.437012	-0.629700	2996.491455
3.620000	0.059237	2082.675293	-0.631617	3006.666504
3.610000	0.059292	2086.946533	-0.634619	2994.235107
3.600000	0.059130	2077.025879	-0.635665	3036.361572
3.590000	0.059572	2136.324707	-0.638624	3076.625000
3.580000	0.058941	2085.403320	-0.641251	3024.453857
3.570000	0.060175	2127.454834	-0.642904	3031.628418
3.560000	0.060366	2199.851318	-0.645460	3035.821777
3.550000	0.060631	2219.075195	-0.647909	3119.380615
3.540000	0.060809	2149.052246	-0.649933	3074.455322
3.530000	0.060553	2202.604736	-0.651986	3110.410400
3.520000	0.060880	2205.984619	-0.655129	3147.362061
3.510000	0.061161	2206.541016	-0.657343	3109.915283
3.500000	0.061590	2262.497070	-0.660013	3118.685547
3.490000	0.061989	2281.009033	-0.663071	3111.011963
3.480000	0.062067	2294.605957	-0.664843	3144.551514
3.470001	0.063222	2380.332031	-0.667346	3114.408691
3.460001	0.062754	2335.139404	-0.669706	3105.080811
3.450001	0.062957	2345.620850	-0.673101	3189.348389
3.440001	0.063823	2399.989014	-0.675477	3156.851318
3.430001	0.063901	2450.959961	-0.677343	3195.800537
3.420001	0.064703	2501.807861	-0.680662	3162.526367
3.410001	0.064660	2486.834961	-0.683726	3186.930420
3.400001	0.064854	2509.440430	-0.685920	3204.498535
3.390001	0.065161	2532.667236	-0.689613	3224.398682
3.380001	0.065851	2524.700684	-0.691218	3202.772217
3.370001	0.066126	2556.157471	-0.693901	3237.956299
3.360001	0.066107	2599.174805	-0.697303	3230.664551
3.350001	0.066467	2641.185303	-0.700023	3246.602051
3.340001	0.066847	2649.444824	-0.702277	3233.405273
3.330001	0.067543	2717.894287	-0.704999	3231.856934
3.320001	0.067384	2702.661865	-0.708825	3255.268555
3.310001	0.067999	2741.550537	-0.711215	3256.841064
3.300001	0.068742	2806.409424	-0.714179	3325.502197
3.290001	0.068647	2771.812012	-0.717436	3300.680908
3.280001	0.069288	2793.798828	-0.720410	3356.859375
3.270001	0.069299	2825.606201	-0.723648	3337.580322
3.260001	0.069562	2893.534912	-0.726198	3314.226807
3.250001	0.070228	3013.236084	-0.728971	3359.693359
3.240001	0.071485	3000.778076	-0.732754	3389.019775
3.230001	0.071549	3028.958984	-0.735845	3387.655762
3.220001	0.072554	3123.437988	-0.739499	3345.814697
3.210001	0.072366	3112.007324	-0.741907	3335.229004
3.200001	0.072682	3122.804688	-0.745458	3399.713623
3.190001	0.073194	3161.692871	-0.748033	3447.785156
3.180001	0.073494	3224.490479	-0.751263	3381.638428
3.170001	0.074922	3277.074707	-0.754919	3481.503662
3.160001	0.075088	3340.513672	-0.758720	3507.058350
3.150001	0.075786	3398.114258	-0.761766	3482.471436
3.140001	0.076227	3426.874023	-0.764938	3438.251953
3.130001	0.075685	3456.140625	-0.768098	3515.128174
3.120001	0.077550	3513.826172	-0.772543	3499.555908
3.110001	0.078065	3564.549561	-0.775396	3571.470703
3.100001	0.078969	3661.299072	-0.779818	3562.660889
3.090001	0.078731	3648.414062	-0.783114	3614.754883
3.080001	0.079091	3741.444580	-0.785997	3552.894287
3.070001	0.080687	3810.401855	-0.790905	3694.184570
3.060001	0.080331	3793.208252	-0.793707	3629.770020
3.050001	0.081631	3917.235840	-0.796750	3646.891846
3.040001	0.082108	3932.002441	-0.801264	3681.440430
3.030001	0.082592	4087.592529	-0.806067	3642.025879
3.020001	0.083454	4086.190674	-0.809197	3679.628174
3.010001	0.083925	4176.403320	-0.813330	3645.698975
3.000001	0.085059	4265.755859	-0.817600	3667.076172
2.990001	0.085271	4290.558105	-0.821078	3717.588135
2.980001	0.087139	4398.616211	-0.825319	3734.579834
2.970001	0.087040	4424.842285	-0.829142	3762.356934
2.960001	0.088720	4589.359863	-0.833852	3784.641357
2.950001	0.088804	4640.971680	-0.837710	3836.732422
2.940001	0.090960	4799.754883	-0.841987	3866.266113
2.930001	0.091149	4862.146973	-0.845936	3873.591064
2.920001	0.092149	4937.093262	-0.850422	3826.998047
2.910001	0.092948	5043.202637	-0.856039	3882.722900
2.900001	0.093332	5246.604492	-0.859740	3891.391357
2.890001	0.094431	5247.259277	-0.865107	3931.500488
2.880001	0.096345	5351.411133	-0.869262	3959.571045
2.870001	0.097698	5565.663086	-0.874500	3952.753174
2.860001	0.099166	5657.708008	-0.878771	4006.230225
2.850001	0.098517	5744.080566	-0.883489	3938.942383
2.840001	0.100368	5840.285645	-0.886946	4057.222656
2.830001	0.101571	6020.753418	-0.893266	4112.013184
2.820001	0.103212	6177.464844	-0.898228	4074.781250
2.810001	0.104870	6440.783203	-0.903027	4182.667480
2.800001	0.106582	6581.025391	-0.908361	4226.858887
2.790001	0.107185	6665.839355	-0.913134	4132.126465
2.780001	0.109008	6772.831055	-0.917424	4308.238281
2.770001	0.110135	7057.033691	-0.924328	4250.926270
2.760001	0.112865	7266.125488	-0.929105	4292.694336
2.750001	0.114127	7586.484375	-0.934760	4304.535645
2.740001	0.114988	7662.312500	-0.940449	4331.555176
2.730001	0.116761	7868.258301	-0.945840	4358.373535
2.720001	0.120330	8298.938477	-0.952163	4362.974121
2.710001	0.121972	8650.722656	-0.957415	4481.492676
2.700001	0.123801	8903.444336	-0.963372	4507.508789
2.690001	0.124453	8986.126953	-0.968825	4526.509766
2.680001	0.127804	9459.071289	-0.976349	4530.511719
2.670001	0.130332	9598.384766	-0.981714	4601.264160
2.660001	0.132941	10055.236328	-0.989377	4547.222656
2.650001	0.134968	10466.289062	-0.994175	4687.550781
2.640001	0.137949	10892.592773	-1.001234	4629.028320
2.630001	0.141323	11356.095703	-1.007564	4789.755371
2.620001	0.143183	11776.864258	-1.014944	4854.837402
2.610001	0.148031	12375.129883	-1.021180	4873.756348
2.600001	0.150433	12879.460938	-1.028970	4963.978027
2.600000	0.151458	12628.595703	-1.029115	4934.877441
2.595000	0.153939	13109.742188	-1.032279	4926.085449
2.590000	0.153621	13101.707031	-1.035507	4960.246094
2.585000	0.158449	13757.719727	-1.039580	5161.556641
2.579999	0.157248	13507.129883	-1.042421	4979.035156
2.574999	0.160487	14149.339844	-1.046805	5143.635254
2.569999	0.162366	14608.489258	-1.050370	5013.858887
2.564999	0.164041	14877.607422	-1.054071	5082.883301
2.559999	0.166397	15126.040039	-1.058109	5127.924805
2.554999	0.169820	15483.544922	-1.062581	5187.040039
2.549999	0.171815	16204.044922	-1.065878	5281.910645
2.544999	0.174078	16551.519531	-1.069586	5343.584961
2.539999	0.177365	16964.107422	-1.073093	5245.151367
2.534998	0.180009	17493.755859	-1.077256	5281.696777
2.529998	0.183009	18066.406250	-1.081985	5378.370605
2.524998	0.184619	18469.076172	-1.085481	5515.359375
2.519998	0.190794	19114.894531	-1.090749	5576.651855
2.514998	0.191071	19245.548828	-1.094091	5560.073242
2.509998	0.192312	19440.958984	-1.097979	5540.926758
2.504998	0.199953	20815.464844	-1.103446	5634.461426
2.499998	0.202506	21328.193359	-1.107272	5743.358887
2.494998	0.205845	22063.207031	-1.112393	5828.159180
2.489997	0.207834	22143.406250	-1.116092	5839.979980
2.484997	0.213072	23114.148438	-1.120841	5866.548340
2.479997	0.215817	23657.523438	-1.125252	5998.808594
2.474997	0.218615	24486.390625	-1.129744	6032.748047
2.469997	0.226337	25097.457031	-1.135255	6063.081055
2.464997	0.232184	26487.951172	-1.141203	6213.837402
2.459997	0.232548	26449.683594	-1.144858	6210.473145
2.454997	0.241379	28084.419922	-1.149651	6326.895020
2.449996	0.244698	28891.525391	-1.154811	6487.506836
2.444996	0.251684	29953.808594	-1.160591	6716.529297
2.439996	0.256514	31315.933594	-1.165376	6624.198242
2.434996	0.261908	30954.023438	-1.170351	6576.459473
2.429996	0.266597	31430.802734	-1.176240	6782.258789
2.424996	0.273285	33130.394531	-1.182159	6890.445312
2.419996	0.286108	34631.203125	-1.188157	7012.781250
2.414996	0.292034	35909.984375	-1.193761	7319.175293
2.409996	0.296199	36788.070312	-1.199965	7286.938477
2.404995	0.313451	37767.894531	-1.207255	7533.880371
2.399995	0.318120	39638.160156	-1.213028	7717.757812
2.394995	0.322604	39844.757812	-1.218394	7652.882324
2.389995	0.332100	40986.421875	-1.225218	7785.704102
2.384995	0.341257	42462.921875	-1.231962	8002.467285
2.379995	0.361177	44623.273438	-1.242327	8495.571289
2.374995	0.368300	44782.761719	-1.247608	8422.938477
2.369995	0.379135	45330.023438	-1.255016	8653.869141
2.364995	0.384564	46640.816406	-1.261039	8694.334961
2.359994	0.398780	47939.746094	-1.269428	8969.198242
2.354994	0.406889	48079.460938	-1.276550	8899.284180
2.349994	0.427997	48105.851562	-1.285454	9378.059570
2.344994	0.434941	48995.824219	-1.293240	9332.378906
2.339994	0.454407	49164.363281	-1.302707	9662.482422
2.334994	0.465400	49040.652344	-1.310541	9822.571289
2.329994	0.476779	49554.519531	-1.319320	9889.982422
2.324994	0.489040	49950.734375	-1.327445	10070.041992
2.319993	0.504543	49394.082031	-1.337408	10163.913086
2.314993	0.522616	47730.441406	-1.346404	10251.002930
2.309993	0.532213	47164.347656	-1.354147	10277.741211
2.304993	0.555682	45003.429688	-1.366010	10339.714844
2.299993	0.569536	43947.093750	-1.376274	10345.016602
2.294993	0.577735	44104.019531	-1.383740	10296.306641
2.289993	0.604886	38979.863281	-1.396890	10038.441406
2.284993	0.613116	38410.054688	-1.404640	10364.710938
2.279993	0.624180	37377.312500	-1.413367	10088.566406
2.274992	0.638094	35141.332031	-1.422369	10036.008789
2.269992	0.649087	33437.796875	-1.430766	9740.469727
2.264992	0.662287	31633.681641	-1.440444	9587.727539
2.259992	0.670180	30416.757812	-1.447766	9556.219727
2.254992	0.688159	26839.224609	-1.459249	9348.535156
2.249992	0.706582	21534.156250	-1.470378	8793.393555
2.244992	0.715243	20705.615234	-1.478086	8736.176758
2.239992	0.719332	21331.765625	-1.485223	8724.041992
2.234992	0.733061	17943.855469	-1.494573	8176.365723
2.229991	0.742089	16036.663086	-1.502277	8046.936035
2.224991	0.748956	15112.825195	-1.509717	7986.238770
2.219991	0.757121	14151.014648	-1.517690	7511.994141
2.214991	0.763574	13614.480469	-1.524494	7580.891602
2.209991	0.772070	11218.275391	-1.532313	7115.409180
2.204991	0.776177	11469.001953	-1.538565	7301.136719
2.199991	0.789666	8281.253906	-1.548809	6697.251465
2.194991	0.793133	7860.250977	-1.554378	6651.446289
2.189991	0.797446	8091.287109	-1.560244	6609.021484
2.184990	0.803700	6635.960449	-1.566381	6397.443848
2.179990	0.808078	6948.460449	-1.572920	6336.116211
2.174990	0.812962	6062.424316	-1.579188	6090.859375
2.169990	0.819589	5289.415527	-1.587031	5921.235352
2.164990	0.824138	4797.676270	-1.592544	5801.966797
2.159990	0.827288	4900.622559	-1.598553	5693.713379
2.154990	0.832004	4029.197021	-1.603864	5568.556641
2.149990	0.836245	4192.099609	-1.610498	5500.404785
2.144989	0.838495	4200.219238	-1.615198	5425.160156
2.139989	0.842310	3829.664551	-1.620626	5286.063477
2.134989	0.845303	3543.560059	-1.625117	5223.360840
2.129989	0.851114	2735.308594	-1.631909	4925.415527
2.124989	0.853971	2755.255859	-1.637591	4881.712402
2.119989	0.857112	2713.098389	-1.643074	4779.532227
2.114989	0.859611	2677.926025	-1.646987	4752.414062
2.109989	0.863008	2318.331787	-1.652132	4656.017578
2.104989	0.865986	2187.389893	-1.657695	4472.952637
2.099988	0.868232	2213.896973	-1.661549	4566.983887
2.094988	0.871093	2026.353027	-1.666240	4467.836426
2.089988	0.874033	1917.394897	-1.671823	4277.231445
2.084988	0.876611	1749.356567	-1.676036	4233.314941
2.079988	0.878925	1667.112427	-1.680552	4159.682617
2.074988	0.881859	1527.278076	-1.685565	4042.448975
2.069988	0.884024	1551.931519	-1.689678	4036.197510
2.064988	0.886394	1415.514771	-1.694143	3912.049316
2.059988	0.888211	1386.699219	-1.698092	3886.672607
2.054987	0.890742	1306.526733	-1.703166	3757.529541
2.049987	0.892510	1285.807861	-1.706312	3661.014160
2.044987	0.894934	1237.135132	-1.711475	3730.148438
2.039987	0.896698	1162.613770	-1.714665	3629.568115
2.034987	0.898874	1096.479370	-1.719212	3507.057373
2.029987	0.900664	1055.147339	-1.722721	3520.172363
2.024987	0.902718	998.952454	-1.726895	3384.493164
2.019987	0.904638	957.633179	-1.730901	3356.182373
2.014987	0.906388	923.858948	-1.734791	3241.275146
2.009986	0.907901	889.158875	-1.738415	3244.643311
2.004986	0.909280	879.362915	-1.741163	3199.980469
1.999986	0.911316	825.082764	-1.745633	3111.690430
1.994986	0.912893	820.005493	-1.748912	3103.508545
1.989986	0.914523	756.802246	-1.752629	3013.565430
1.984986	0.915941	745.549133	-1.756167	2964.993408
1.979986	0.917561	713.762451	-1.759447	2919.597412
1.974986	0.919376	681.685486	-1.763413	2880.235352
1.969986	0.920683	649.964172	-1.766578	2809.329590
1.964986	0.922295	631.190369	-1.770201	2758.645508
1.959986	0.923231	636.730286	-1.772775	2747.424316
1.954986	0.924853	599.023682	-1.776559	2681.667725
1.949986	0.926122	587.784729	-1.779547	2641.998291
1.944986	0.927584	546.632935	-1.782631	2545.804688
1.939986	0.928976	535.742004	-1.786427	2520.901611
1.934986	0.930227	529.977173	-1.789182	2521.035645
1.929986	0.931416	498.963074	-1.792293	2447.105957
1.924986	0.932561	491.837646	-1.795001	2445.786377
1.919986	0.933746	468.359650	-1.798119	2368.130615
1.914986	0.934668	459.699219	-1.800253	2370.972900
1.909986	0.936048	449.350433	-1.803712	2325.843506
1.904986	0.937001	426.457153	-1.806125	2294.151367
1.899986	0.938416	412.456696	-1.809687	2242.295898
1.894986	0.939398	406.799103	-1.812292	2212.563965
1.889986	0.940290	401.555298	-1.814923	2177.875000
1.884986	0.941484	377.632874	-1.817842	2115.798096
1.879986	0.942510	365.881165	-1.820461	2090.539307
1.874986	0.943539	358.271240	-1.822957	2035.830811
1.869986	0.944914	343.350861	-1.826496	2030.256104
1.864986	0.945555	335.448059	-1.828300	1969.631836
1.859986	0.946501	331.021606	-1.830979	1985.716187
1.854986	0.947670	311.843079	-1.833813	1913.078125
1.849986	0.948345	309.399200	-1.835948	1897.941284
1.844986	0.949180	299.234741	-1.837982	1893.947266
1.839986	0.950297	291.922516	-1.841170	1813.380005
1.834986	0.951279	280.937714	-1.843787	1790.857910
1.829986	0.951749	272.033386	-1.845228	1768.372437
1.824986	0.952747	260.148651	-1.847695	1738.723999
1.819986	0.953554	263.955109	-1.850094	1715.513306
1.814986	0.954324	252.780411	-1.852283	1687.568604
1.809986	0.955366	238.551407	-1.855075	1663.668335
1.804986	0.956208	229.256149	-1.857417	1603.431641
1.799986	0.956938	226.022614	-1.859391	1599.351318
1.794986	0.957631	218.682678	-1.861364	1583.822388
1.789986	0.958215	215.419250	-1.863178	1547.491821
1.784986	0.959219	207.152557	-1.866066	1541.705688
1.779987	0.959812	203.949432	-1.868014	1506.764038
1.774987	0.960526	194.399323	-1.869681	1494.707642
1.769987	0.961233	187.328644	-1.872061	1448.627319
1.764987	0.962036	179.763657	-1.874164	1403.486694
1.759987	0.962825	174.543274	-1.876588	1380.513672
1.754987	0.963312	165.760010	-1.877823	1394.394287
1.749987	0.964135	156.896423	-1.880168	1357.334717
1.744987	0.964755	156.363754	-1.882070	1333.431641
1.739987	0.965258	150.209290	-1.883697	1315.533325
1.734987	0.965904	141.045166	-1.885497	1276.872559
1.729987	0.966656	136.513504	-1.887804	1246.121094
1.724987	0.967149	128.973511	-1.889344	1228.332642
1.719987	0.967689	118.359009	-1.890907	1206.693726
1.714987	0.968495	115.638695	-1.893385	1177.325195
1.709987	0.968815	112.577583	-1.894406	1181.824463
1.704987	0.969302	113.528427	-1.895840	1136.439209
1.699987	0.970001	98.879646	-1.897987	1097.187988
1.694987	0.970677	90.623291	-1.900004	1076.809937
1.689987	0.971121	82.509987	-1.901378	1082.919800
1.684987	0.971697	80.533371	-1.903211	1062.549438
1.679987	0.972186	75.366295	-1.904652	1035.142700
1.674987	0.972828	69.590019	-1.906696	982.674500
1.669987	0.973256	62.306881	-1.907987	975.502075
1.664987	0.973755	58.806717	-1.909592	952.926392
1.659987	0.974214	47.449036	-1.911052	929.202393
1.654987	0.974781	41.465813	-1.912752	910.043335
1.649987	0.975337	34.434727	-1.914531	881.724792
1.644987	0.975714	31.891737	-1.915639	868.211365
1.639987	0.976156	21.646837	-1.916995	855.039551
1.634987	0.976680	20.592846	-1.918827	839.654053
1.629987	0.977046	12.185030	-1.919872	812.609192
1.624987	0.977450	6.430561	-1.921157	780.572693
1.619987	0.977906	3.713302	-1.922755	779.156311
1.614987	0.978363	-1.918347	-1.924113	753.601685
1.609987	0.978726	-3.074418	-1.925399	740.073181
1.604987	0.979220	-13.720000	-1.926920	738.161316