term 489, 10000 pasos de N*N
temp	Mag	En
0.100000	1.000000	-2.000000
0.110000	1.000000	-2.000000
0.120000	1.000000	-2.000000
0.130000	1.000000	-2.000000
0.140000	1.000000	-2.000000
0.150000	1.000000	-2.000000
0.160000	1.000000	-2.000000
0.170000	1.000000	-2.000000
0.180000	1.000000	-2.000000
0.190000	1.000000	-2.000000
0.200000	1.000000	-2.000000
0.210000	1.000000	-2.000000
0.220000	1.000000	-2.000000
0.230000	1.000000	-2.000000
0.240000	1.000000	-2.000000
0.250000	1.000000	-2.000000
0.260000	1.000000	-2.000000
0.270000	1.000000	-2.000000
0.280000	1.000000	-2.000000
0.290000	1.000000	-2.000000
0.300000	1.000000	-2.000000
0.310000	1.000000	-2.000000
0.320000	1.000000	-2.000000
0.330000	1.000000	-2.000000
0.340000	1.000000	-2.000000
0.350000	1.000000	-2.000000
0.360000	1.000000	-2.000000
0.370000	1.000000	-2.000000
0.380000	1.000000	-2.000000
0.390000	1.000000	-2.000000
0.400000	1.000000	-2.000000
0.410000	1.000000	-2.000000
0.420000	1.000000	-2.000000
0.430000	1.000000	-2.000000
0.440000	1.000000	-2.000000
0.450000	1.000000	-2.000000
0.460000	1.000000	-2.000000
0.470000	1.000000	-2.000000
0.480000	0.999999	-1.999996
0.490000	1.000000	-1.999999
0.500000	1.000000	-2.000000
0.510000	1.000000	-2.000000
0.520000	1.000000	-1.999999
0.530000	1.000000	-2.000000
0.540000	0.999999	-1.999997
0.550000	1.000000	-1.999998
0.560000	1.000000	-1.999998
0.570000	0.999999	-1.999995
0.580000	0.999998	-1.999993
0.590000	0.999996	-1.999984
0.600000	0.999997	-1.999989
0.610000	0.999993	-1.999972
0.620000	0.999995	-1.999979
0.630000	0.999994	-1.999978
0.640000	0.999990	-1.999958
0.650000	0.999994	-1.999975
0.660000	0.999995	-1.999980
0.670000	0.999983	-1.999932
0.680000	0.999987	-1.999949
0.690000	0.999979	-1.999918
0.700000	0.999980	-1.999921
0.710000	0.999976	-1.999904
0.720000	0.999970	-1.999880
0.730000	0.999967	-1.999868
0.740000	0.999957	-1.999830
0.750000	0.999958	-1.999832
0.760000	0.999939	-1.999757
0.770000	0.999935	-1.999740
0.780000	0.999934	-1.999736
0.790000	0.999921	-1.999686
0.800000	0.999899	-1.999599
0.810000	0.999895	-1.999581
0.820000	0.999883	-1.999539
0.830000	0.999873	-1.999496
0.839999	0.999843	-1.999377
0.849999	0.999824	-1.999299
0.859999	0.999808	-1.999241
0.869999	0.999800	-1.999208
0.879999	0.999784	-1.999143
0.889999	0.999743	-1.998984
0.899999	0.999714	-1.998874
0.909999	0.999696	-1.998796
0.919999	0.999664	-1.998673
0.929999	0.999598	-1.998412
0.939999	0.999567	-1.998292
0.949999	0.999556	-1.998247
0.959999	0.999471	-1.997914
0.969999	0.999426	-1.997755
0.979999	0.999391	-1.997600
0.989999	0.999340	-1.997399
0.999999	0.999270	-1.997144
1.009999	0.999221	-1.996937
1.019999	0.999169	-1.996750
1.029999	0.999094	-1.996446
1.039999	0.998997	-1.996073
1.049999	0.998879	-1.995626
1.059999	0.998872	-1.995604
1.069999	0.998784	-1.995266
1.079999	0.998629	-1.994664
1.089999	0.998479	-1.994093
1.099999	0.998437	-1.993922
1.109999	0.998259	-1.993287
1.119999	0.998197	-1.993019
1.129999	0.998067	-1.992527
1.139999	0.997993	-1.992224
1.149999	0.997821	-1.991588
1.159999	0.997704	-1.991140
1.169999	0.997522	-1.990502
1.179999	0.997380	-1.989932
1.189999	0.997223	-1.989334
1.199999	0.997013	-1.988551
1.209999	0.996888	-1.988113
1.219999	0.996570	-1.986879
1.229999	0.996389	-1.986213
1.239999	0.996192	-1.985465
1.249999	0.996062	-1.985018
1.259999	0.995866	-1.984278
1.269999	0.995451	-1.982801
1.279999	0.995388	-1.982519
1.289999	0.995145	-1.981551
1.299999	0.994786	-1.980283
1.309999	0.994480	-1.979198
1.319999	0.994188	-1.978128
1.329999	0.993870	-1.976983
1.339999	0.993696	-1.976381
1.349999	0.993228	-1.974661
1.359999	0.992926	-1.973558
1.369999	0.992376	-1.971668
1.379999	0.992203	-1.971071
1.389999	0.991707	-1.969340
1.399999	0.991535	-1.968594
1.409999	0.990999	-1.966680
1.419999	0.990589	-1.965309
1.429999	0.989849	-1.962770
1.439999	0.989705	-1.962104
1.449999	0.989106	-1.960070
1.459999	0.988573	-1.958206
1.469999	0.988273	-1.957268
1.479999	0.987517	-1.954629
1.489999	0.986914	-1.952506
1.499999	0.986582	-1.951252
1.509999	0.985710	-1.948496
1.519999	0.985301	-1.946980
1.529999	0.984780	-1.945341
1.539999	0.984158	-1.943095
1.549999	0.983329	-1.940553
1.559999	0.982821	-1.938497
1.569999	0.981845	-1.935361
1.579999	0.981202	-1.933312
1.589999	0.980372	-1.930695
1.599999	0.979775	-1.928548
1.609999	0.978862	-1.925708
1.619999	0.978058	-1.923067
1.629999	0.977009	-1.919863
1.639999	0.976303	-1.917517
1.649999	0.975426	-1.914645
1.659999	0.974192	-1.911186
1.669999	0.973317	-1.908023
1.679999	0.972276	-1.904939
1.689999	0.971234	-1.901402
1.699999	0.970178	-1.898650
1.709999	0.968771	-1.894284
1.719999	0.967566	-1.890814
1.729999	0.966606	-1.887618
1.739999	0.965664	-1.884752
1.749999	0.963946	-1.879884
1.759999	0.962779	-1.876117
1.769999	0.961657	-1.872388
1.779999	0.960007	-1.868488
1.789999	0.957651	-1.862211
1.799999	0.956261	-1.857588
1.809999	0.955001	-1.854661
1.819999	0.954583	-1.852176
1.829999	0.952061	-1.845551
1.839999	0.950482	-1.841692
1.849999	0.947523	-1.833930
1.859999	0.946287	-1.830569
1.869999	0.944213	-1.825250
1.879999	0.941995	-1.819405
1.889999	0.940236	-1.814197
1.899999	0.937870	-1.808400
1.909999	0.936786	-1.804600
1.919999	0.933465	-1.798008
1.929999	0.931570	-1.792604
1.939999	0.928918	-1.785781
1.949998	0.924650	-1.776972
1.959998	0.922993	-1.771367
1.969998	0.921357	-1.768032
1.979998	0.916757	-1.758824
1.989998	0.916031	-1.754544
1.999998	0.910197	-1.743532
2.009999	0.907153	-1.736356
2.019999	0.904018	-1.731178
2.029999	0.900434	-1.722269
2.039999	0.897070	-1.715559
2.049999	0.893597	-1.706601
2.059999	0.889241	-1.698685
2.069999	0.884795	-1.689011
2.079998	0.879122	-1.679954
2.089998	0.869968	-1.665951
2.099998	0.865031	-1.657355
2.109998	0.861795	-1.651254
2.119998	0.853004	-1.638429
2.129998	0.844344	-1.627762
2.139998	0.842117	-1.619618
2.149998	0.843658	-1.613863
2.159998	0.827661	-1.599786
2.169998	0.816886	-1.586497
2.179998	0.808468	-1.571546
2.189998	0.811175	-1.567454
2.199998	0.757524	-1.535057
2.209998	0.782656	-1.534822
2.219998	0.752191	-1.514287
2.229998	0.707503	-1.485366
2.239998	0.760162	-1.504756
2.249998	0.648652	-1.449627
2.259998	0.591871	-1.425086
2.269998	0.613274	-1.417220
2.279998	0.618034	-1.412480
2.289998	0.613538	-1.405791
2.299998	0.556915	-1.367380
2.309998	0.576751	-1.364055
2.319998	0.514711	-1.338205
2.329998	0.495071	-1.325308
2.339998	0.410144	-1.290392
2.349998	0.412787	-1.278823
2.359998	0.349331	-1.254687
2.369998	0.377083	-1.251435
2.379998	0.383729	-1.248669
2.389998	0.338712	-1.227380
2.399998	0.309620	-1.214720
2.409998	0.296819	-1.198604
2.419998	0.309380	-1.193246
2.429998	0.229988	-1.170514
2.439998	0.263222	-1.166029
2.449998	0.213666	-1.147946
2.459998	0.214556	-1.145250
2.469998	0.218906	-1.132187
2.479998	0.212939	-1.130364
2.489998	0.207264	-1.116611
2.499998	0.217261	-1.107310
2.509998	0.198328	-1.098772
2.519998	0.180996	-1.085496
2.529998	0.209337	-1.087039
2.539998	0.173264	-1.073845
2.549998	0.181611	-1.068178
2.559998	0.179592	-1.061302
2.569998	0.155897	-1.045786
2.579998	0.166651	-1.041497
2.589998	0.163824	-1.038334
2.599998	0.151282	-1.032262
2.609998	0.151558	-1.020970
2.619998	0.136504	-1.010235
2.629998	0.141460	-1.006562
2.639998	0.145015	-0.999802
2.649998	0.136531	-0.996062
2.659998	0.141652	-0.988886
2.669998	0.135590	-0.984094
2.679998	0.135425	-0.974118
2.689998	0.131808	-0.968844
2.699998	0.125050	-0.964672
2.709998	0.126847	-0.956846
2.719998	0.109579	-0.947869
2.729998	0.121459	-0.945067
2.739998	0.120300	-0.941506
2.749998	0.107757	-0.931156
2.759998	0.123629	-0.929938
2.769998	0.111271	-0.925431
2.779998	0.108529	-0.917753
2.789998	0.105213	-0.915532
2.799998	0.109642	-0.906917
2.809998	0.095947	-0.901554
2.819998	0.106949	-0.899190
2.829998	0.094358	-0.891355
2.839998	0.104028	-0.887922
2.849998	0.102646	-0.882690
2.859998	0.103812	-0.880135
2.869998	0.096677	-0.873312
2.879998	0.091376	-0.868429
2.889998	0.097285	-0.863525
2.899998	0.096152	-0.862072
2.909998	0.094051	-0.854315
2.919998	0.092780	-0.850498
2.929998	0.092820	-0.845597
2.939998	0.089761	-0.840606
2.949998	0.090132	-0.837850
2.959998	0.085613	-0.832758
2.969998	0.085837	-0.830710
2.979998	0.086757	-0.824888
2.989998	0.085598	-0.822516
2.999998	0.083824	-0.818680
3.009998	0.086935	-0.812146
3.019998	0.084305	-0.808730
3.029998	0.082461	-0.806886
3.039998	0.081425	-0.800306
3.049998	0.081825	-0.797968
3.059998	0.081677	-0.796012
3.069998	0.081506	-0.790798
3.079998	0.078157	-0.785769
3.089998	0.081169	-0.784104
3.099998	0.080465	-0.779303
3.109998	0.076737	-0.777269
3.119998	0.079564	-0.773521
3.129997	0.077774	-0.767696
3.139997	0.077559	-0.765719
3.149997	0.074970	-0.762351
3.159997	0.073963	-0.759391
3.169997	0.074891	-0.753949
3.179997	0.073573	-0.751757
3.189997	0.071804	-0.748268
3.199997	0.074714	-0.745673
3.209997	0.073506	-0.741285
3.219997	0.070526	-0.737032
3.229997	0.070825	-0.733917
3.239997	0.073630	-0.732171
3.249997	0.072776	-0.729534
3.259997	0.071830	-0.726059
3.269997	0.070862	-0.724835
3.279997	0.069195	-0.719226
3.289997	0.067267	-0.719084
3.299997	0.068787	-0.714242
3.309997	0.068901	-0.713145
3.319997	0.068476	-0.706623
3.329997	0.067682	-0.704814
3.339997	0.067317	-0.701935
3.349997	0.068609	-0.700104
3.359997	0.065735	-0.697312
3.369997	0.070946	-0.695420
3.379997	0.066707	-0.692147
3.389997	0.064385	-0.687926
3.399997	0.066230	-0.686382
3.409997	0.064473	-0.684370
3.419997	0.063605	-0.680669
3.429997	0.063299	-0.677033
3.439997	0.066732	-0.675166
3.449997	0.061891	-0.672396
3.459997	0.061488	-0.670518
3.469997	0.061662	-0.666561
3.479997	0.062010	-0.666423
3.489997	0.060431	-0.662001
3.499997	0.063365	-0.660577
3.509997	0.063090	-0.657925
3.519997	0.061615	-0.655635
3.529997	0.062128	-0.652129
3.539997	0.064024	-0.651247
3.549997	0.061555	-0.647896
3.559997	0.061205	-0.645153
3.569997	0.059352	-0.642103
3.579997	0.059237	-0.640603
3.589997	0.058088	-0.639080
3.599997	0.059764	-0.636512
3.609997	0.059240	-0.633295
3.619997	0.057845	-0.630400
3.629997	0.057454	-0.629331
3.639997	0.056645	-0.628504
3.649997	0.057039	-0.625666
3.659997	0.057990	-0.622083
3.669997	0.058578	-0.621905
3.679997	0.056951	-0.617952
3.689997	0.056253	-0.615704
3.699997	0.055210	-0.615075
3.709997	0.058240	-0.611561
3.719997	0.057736	-0.609435
3.729997	0.056348	-0.608015
3.739997	0.056403	-0.605701
3.749997	0.056158	-0.604145
3.759997	0.056589	-0.602003
3.769997	0.055980	-0.599859
3.779997	0.054476	-0.598759
3.789997	0.055847	-0.594388
3.799997	0.054387	-0.594883
3.809997	0.054610	-0.591915
3.819997	0.055257	-0.588847
3.829997	0.055484	-0.588467
3.839997	0.054003	-0.586389
3.849997	0.053896	-0.583831
3.859997	0.054919	-0.582951
3.869997	0.051910	-0.579787
3.879997	0.053675	-0.579946
3.889997	0.052520	-0.575272
3.899997	0.052751	-0.575053
3.909997	0.052895	-0.573172
3.919997	0.054153	-0.571566
3.929997	0.053641	-0.570325
3.939997	0.052322	-0.567785
3.949997	0.051318	-0.564903
3.959997	0.052986	-0.564095
3.969997	0.052028	-0.563068
3.979997	0.051857	-0.560088
3.989997	0.051645	-0.557841
3.999997	0.051637	-0.555777
4.009997	0.052438	-0.555209
4.019997	0.052658	-0.553640
4.029997	0.050685	-0.552010
4.039998	0.050821	-0.549559
4.049998	0.052258	-0.549831
4.059998	0.050124	-0.545534
4.069998	0.050091	-0.546935
4.079998	0.049129	-0.543400
4.089999	0.050349	-0.540134
4.099999	0.050089	-0.539717
4.109999	0.049797	-0.539672
4.119999	0.050507	-0.538732
4.130000	0.049658	-0.536069
4.140000	0.049857	-0.534606
4.150000	0.051433	-0.533172
4.160000	0.049122	-0.531038
4.170001	0.048679	-0.529811
4.180001	0.049852	-0.528623
4.190001	0.049264	-0.526440
4.200001	0.050043	-0.524989
4.210001	0.049247	-0.523022
4.220002	0.048688	-0.522399
4.230002	0.048060	-0.520676
4.240002	0.047355	-0.519072
4.250002	0.048339	-0.519707
4.260003	0.047780	-0.517232
4.270003	0.048331	-0.514962
4.280003	0.048297	-0.512874
4.290003	0.048151	-0.513902
4.300004	0.048329	-0.509851
4.310004	0.046902	-0.509479
4.320004	0.048644	-0.509509
4.330004	0.048043	-0.506694
4.340004	0.046560	-0.506034
4.350005	0.048687	-0.502475
4.360005	0.047325	-0.500221
4.370005	0.047126	-0.502074
4.380005	0.046305	-0.499238
4.390006	0.046970	-0.498041
4.400006	0.045321	-0.496560
4.410006	0.045988	-0.494422
4.420006	0.046102	-0.493372
4.430007	0.046114	-0.492245
4.440007	0.045583	-0.492378
4.450007	0.047191	-0.490643
4.460007	0.046684	-0.488926
4.470007	0.045718	-0.487250
4.480008	0.046005	-0.487117
4.490008	0.045952	-0.484984